20683263870117846622820328695572122328676723324392647490261646364146365858388251434311325529109346733688410572946143940402197647744358414159380167452552131750239604720460521125737
41817955433428373888399462658973674274382282356480829570805360257240886710199754254928159132807367915507788389219894750747744842747256923489968708950959564728319430233500827567520
71199152933303987310681367751660374262225782856342891254246427521348354283437770907205907110258209888151813955266896560809799980975324319976269311525188292331255640859271369980600
38636380735301769353986879725866278968736594221949515923484776758909843877933819911354378926459527420542865529699238297355695472833776395711818291832540458914783347782994340814826
66951740553574511798197506386649200724916114633681624858527781323921879513231133134618989845156266556940565847195513412567197692815735523133947575835634757742659443147122570277612
47855996538824811544804253756157732146825226685575287407550160276863266742335231360659732639149286289917916386641556522825720468241956189969845131228884357599873300883717440137364
80461691911247620221168533709278590440130383882302414229375831964391552650360537455274866218475134349875409536167128586416280527277118848272676498682387886542263958563593623681312
61114568614815654279544645279640273470405886790383656685367217479615414296452186542465225858824516787610972354136113550378993744829465885263359495319648943657449658855812673889638
45758367642582170864943165291453613633492981232992287789462531936977458634706359895678530324390919289765846836988224670756173297183480326169139557406680369843711647477835631724366
76122498242871926496657657762935495105409859108196498529824323337734581301578863961615244949583348123765964571191467395348407278264397492868461237259357213944737272555164160789307
02386538828638689595591700500892671578441271453260934314655464953512333591616867785614872702430208133780597189574943333657464384463182106922393558577594467972748269395977841800596
82420789333110995434306631724673103943995874463965695803710453343135957985375475258208843974532926909426858503338836643724858157733165885274491993649944538206853606252202229597273
62673655126515405654819401899480530559199336163883591214433437134483977513420229854184111681372546198275774720592172876327528837865390969866190548648357668158534354229684328320206
24699113355810271163689455606899899280155393218211275496182857940439487598410361413864548126716233391623824563932257405818911427995512113994333163451448509859852392640526429905830
18160413488761721573412538669198651355694130320456999625194406866164716297893360883104247172457253306650716166885496786342109939783402436252512641362194149798451840765437526321803
41713367371783232587840305644440615188324669176896131459492674510229529841658859778503375955558465540491564949404590653893199942445564666754108592590442467389767514717241376715425
20503687887723459818739101716943322970607710827678688175301813350758613985793522290161253873300811891948561296747648692259477914607718760995210759958651881492134931777953339959226
64530654229174299335820138293882941739423952662174282229683281194125953446134707616817632878200432145256780895836561955836384203750944204856729724264844203216954814409854407688548
54190867459574534967549915143981719121956381540150773730262555217744374653914333505376887453837130869937113686471828406504882640817170223864226678419796315442518343229514909101366
85537544661764899455273596574618953235112475292838825261296500671225391913673578524686661843436534655384385802811735218584852483920597907787861933365950474547559238972250538982339
02483421934759966294857819305921390511382882327952975529410366676600603274797182336289492812568471581292308292707961401579122741387736831269245300598805194278721912802534904385295
09338666393717554823698917124452699859334986786550722155582850110808854399522756367479402356841837773275683555693333895893112586738433835179599112723312723302331733539561313653773
17141706552334981424437561122929117434604966988585290534511320598223108630357242347115950228305560983394997834546276355824445542380910723510914729115396250295835555997371799735370
78558346670675793875951575985504735480290473857598713872671716257542699635858133439618304951200591517962762694932510514151465853937906691582285502460206988928222431269270848533622
79488363289737284199829242720507132587888159316323846246552902462718742634367628488394788189668297483759462585274664544551816109682658171458744903494532306187372155926568720748270
99374955844338354271900736664900119625530153832244140127888249705642523851343256605377814291944372162812109226752785550439695896116208247938971207629696203940320312552328469656226
92172708364194150273510134307105866186806899146976402217205608116531311448161158264745786152975295889916247893396469629501914529805837649356481976331527838282939156920992822497384
57802235568593815682468710734338650477238850683980693686605290587227689919808594730657686714605924891339953141168404408313123230587822773561694857147320824765593525431966393982563
01543314871514545559549165362173909884113362933115152743553287713309541717362884540128622742117605397209829551130640433212949723740809401644148858339820976736152555395981250745528
74756950653287345406531220801352604147836428515892109944436609742223124772364899277375582540747585477787465963631330825846495514983534494583954556809569434309657979334536272510275
85191702971784839926335973828447559490591261422890507635647187767356876218551923372796372740524113496772997237727244861574862602380651655331751205452405207278876777504398136967887
61540807651635153622449523626263470440759973692517281249442679458267555557675662762190771425547943662535798187125761972995743998458254161570702432367788961650333577327266937113338
35569816273425396391443899962554489329295451555506884489634287710223254750274893200340602408573516757910221381608710400702688561431121728592919679820108459834224116615782844712673
59674313878964875634823682209952438795831425503369711922310463940294975638131559415451579518871528425901302667238648836988247976770223100422528719943360700175954766953668773714720
26607913649784994270964644524654415529778354459355948135941139245806195897221349367986230707943177542189149360186492957349905699596965435413504312230897838519761966546421888189905
32160391625109818574407884936614304684843523161911381327661251827983852565480619435993134912973715314166340255832997884792939737539306906601933558648143668680174649843783135937513
23566689247293908370287740274641987630665268467679602892561945377439709182141161317553699983466755597893715975759763525905244414137704803154512262914394574797655574782592184365879
06343569735745549632882269198308930232243367777166913877642769930361332927957494447567736383468546334950208374960932137927810881907211139552472651235841975654540388724445657913396
93751545323913560791388269416473730507235846975679436669114496934263352902889206788649611183994577521917772638412511740137600245143106829373764152579769423578976821455504658256800
79943468555347521700180819297265820868684255673155690433463627532531571720921855185627645439701688838570880593528791890983616608539380651982916622644183622584549769312391859699237
29913849564929357709313481406792996586147770311385135222898325481371848105818107479795970875480943316134166509520406552558760943756588535787244677579455263294939207482959669479872
99509406633980186917366180199694376569601451325445325355485174800571230579810534418474587973144264786501168213312954907454668842129963727904526553406218252936782182998199340291333
07794514327688787402782781280349742304694569626708572607833836583949639191336671214806321272862932338376103638406381136303206662669447549291311145424158222684906184666415388445558
54505387944798620954176878328393692429369146440309356919143523299734490685350130694194697613332418661115529788197187266258367379747801250238405487770758222971393833406240805189289
16311584557521503108169388339570178747421315853846467181247696282396412742236870174235724719364349319583342654306237837238572209672553233887965462442854105159334625751958301125328
98561774700423450473153390663545776147529246436458331464133540266461417357666137674253492640210333305582319566779736431460423179982334221855459239636714655235531541205575817686672
82847416415118131284820183558619374336171956974124828705251213649696205535147824861446197288944938673383993432625991729898852538404825101425371276184344510516363944965966786515579
73938279424827668193407897630146151398173776747373557842598663513619158339954746953315456696330867325371987986968766755491658635686478446978716250367763644659392863200274889474219
84473397543677821325916637817824139313780617368248647266270224140234405108687698207225436231330729221315935245651863583472994518622987892734729875378319775503662485726963196903328
38601997509237444422345328353947610518199528371819204133910125985352500911340279404777326126286738680868448492538827112772957782510439551978472658505573762928313495861152480437818
64121846988734256656621297133342604333826877524629334329871651523986211454590699147743438534260874684604601836117373124535341466758993389101435566314380286436884413761360674146628
20107474299309802469976413447170403669628277363189812615504806330491558672192811280679448551964611922772612765679113959347406692196683752662267362187941808350801808572247581492443
48774292773630873942661272869931914989726521700192826621583485764102628222817871918111989524973727713898951335960490502824664887822771341702730867876205594879970698469420667696578
63294328851278375854136836771420379235109109814938250251590116959768324806316529786279156371266588213546439155613860208227411839395250200225551754649314681769974127893393186646857
76397822316368370543130311918973429769360360676583395417269243265149516527832851767466352114322269888417207193569580218137440372335194259258486557211507823388878192831753918903152
11735133173668773205906867353541875693378118249290994997166841926778221304440891249400254685997423602579441705738830179389708292878946884232959963514984964932598230435135483533724
05259326266198289931778754705401849109438208801788959271921243818255569843829620689120877947585435641170360311135425595404464176445547971242444541104369428147440649761303593412703
42503958545926240917921724814601541365638559447717374655714687774299175980489922861761454837211313754783588477124686987740641924544967195355157458883109810708877660345753523813972
86168661462601993616584708545462176237433704879305218600317536602416792943886630338206769569754479918418612628191102462447630814830266880636707962346482800567612820711676455715926
39836830611102200149389697643678950969392298552131483852570489888488813455496252883482143631325550896275910812369643274162289624422269308112609882866506869337977763543383344616944
32538789957951286333440213508358120414477886923975912164886713944388695631956419490336280411451349893987383191114789367960717843231148511871422362972289108671340787684693546640796
44376325522290411185928532716790260715853360550173681139439380975918952396949100264157630187333446769284129100839148289915491988833262496726699645569694814729189563843931541183858
76219212637399365743221468914532954113412754313463199230440335475178970539402539195959648131772341969241834936592351396152635945363908111652134459397570178631628489409577125215798
82758874207533100220972518500322453978461208376575181733751192600761695380759607530542396203765514535858783946950600389195370126887852526976970498786712219950258639395528192543166
28178198661194860886626749183346764343618889456326609610241757213887692227279647876335177808988809815770343742119796610415430779853434123941848133235223847446620555791881537871117
06234491925998247184179189515321497864868503744174440824121326792519667460606993529674781409981966664835328647279444386514288335420494802723254122812983615613573378476877403360829
47880761796718835171380967867702353920648770138858523776283869143998854151111866139846444571860205654332392147420939438722773566407638266909617883271835636327461383455519528896381
99357965564183216423932767473282773319815380457820831267464288939261233770644581615660725608436822859794366125923194683786992283682661232126124322562804234951318938465272539753954
84422355245900474771723785943734623813161334523483248920431753842429476606370625896849628325228421879609947959986485853162445700658266505707573771511181410799261413263827502439848
99802881256814159120460690410352993237339935321577214935218101978822860452623907198767157283721571387111492943901630389584614541733271914608155896694430471111741559589897235344386
58857448565813148805274913194999657505349797574881613110178875206212638367209287441407821602475760533945712887654211496893838125640789774249711267657651575741975418766607412214956
12835455376312439879824410876652332214553380126883509521925701228981789289771391446865757878208568809487662558640592101826109662740821771934446946767946706395300192578421615102745
07579766138625829657227394581885508340620930771820186143867755900180664471205400837983961519504513726442728147138802280510946286300290587683703160750689663232306519911590722993591
32468576894790127895778382755129600586640342749741269919624307746901153474522909332272830398145597236455717435624802394442522738558781384455140922327386108612695575908262685419824
31378798215721328535989763321533183984274783324608307262324784972448772347273562896906834930641288400286349607397195191728380653862953685469625250387769907820399853192486667745311
52923733419919511973714535266191252732434684977315920978414419397979770203423874907847805178987415519807489136256219881771803277124616941766796642464783559277276795228956781776765
75911490498445586373431594989962829698160614266854809464485372123890328819126136368536549534232842872260545428422529299152113850210399857844687985728333215642991387256143146241684
41445475402663322981155349463425609896534725831885769662742917344131509470476831564258874145965325130907771513301863658591160222481149309570129532605558317362640225910224581598984
46313203651954613831555766773918229855116759994388686344772254239624180582966166682980812886920676668495915333934131272991513583141150988131613578635832392677394708679368105588477
84379124573720585404144643621537410687830415965132749384347127736656709448512872635672768110101683171189153474789841149284709513736678748938280124614126832340955463495475341977447
60640536969891513462321187293373757835237468241329600548686201932657663874362130435613574143975672694510506689120269696150815872390861649939980980952142855988955692219629757245815
90679401501612589711886112405169271536774354587331681286178342252526605302194367528855651830146160860810214582581506248795136824336621656256515814166635939903425578789300375708202
23162527990504935350755365285183929495977145376857758907307496457140440559100973795126938125143233420989817390584217320624469467670925535466729154549101435802234281760172734562844
11808631671839336704871199877875254352497818100767885346651780842460193475678721342609639539469122381677176915374786698268366817700282866671346319469917167249937986309218839610825
61527470841626962183732638584938286908159567995159207555851417596716111201758365883150803826449988810696547456508848833394667811901357858290252111661136882860151253221951838870280
84356872679639962510812603323790792246604219826588965549722288839529236499869533139215678908798418313197374802948939670407435792511932505519966593864467994115239427968528150319621
28768633310987355662534958955419326509551742566725293741487605676767862367471544518163281931819746946659458352874395117169186523791608983332121146388579179276710125646169956753513
89991856374558563583605320717409197267437974971754953122918965715916126397370352989129607485982864577207145939616174267751767232478793584495724673306735762625528731194859821288204
79504927999202738490192241274178614619973381131799831545930460385375250357143409238700556193151246295483508289665935215806328295483560363860142979412645992136989951262267588259252
68592758188702275794328755692448866181185397760328779505178536277775487268102149140747608699891143125720824353573839390729294137859282212213359347319592127762685602857277343850434
41510899649388280172137375941209805191966398755850228302703665851236462340252108282438869738580749562560204432893525152421590674303484539181866994391490840739953905109520919720548
47819827424789903881469904387381777497314664333814985838520853768651349482319907572507866149377815838114492457793702644353333204326815506548246797352113251431794743239407386891242
93817976285444287114966600901422637989252502362748112426861306972804156205528446809537862251248529330697384807373258528694206805136442318231761853652385808517248246447914105140334
81287304844221149573979712702888743989911763127503467573827535849134522411213727285870786963808231665803302270353156678383133259675479392489206212915392241249939408233631917657476
93697221933987871665202669509999606673481937110319157315709304229231981764578324660435519391602716627921321220819558849465404888972857211399712655324290187760525707556815807277813
46111971419754182525650389327291182489608665914842369807922412880369247492984909456716901625447547243932783786226726451101444772803496635457528916957728167564165463536425750358500
98636997602557279582198167563222267792752455665395216141158664439867689543693857530294267355177688840985482383819738650503775777527928213366109198247263183221908635436447370263547
46782945949986776515640646436784403142152649172614120315719370188568874600839518690616288309857542974361920718153942820105524168294881391502637530148814927835775658777125428661313
48820974722605891616798732148343267672230664346292451874763841704248869254485235902384659278526910286825874277864720920109271604683311384820759121953338980421283117913509305927281
84504560953624611302960583429257950304342645807187144659914526838766788286803859834359356489993385665983433192892534670406274850744944977871321572627673921936463706899630369126401
